address
0x6c034869b4d0cf9e7d33ff439c135daa94acf2ec
0xb636c2b4d55d70b754bdac6775ce014b948c43cf
0x462a54e47e320e458d08b68f406f5560822d6cce
0x7cf302a5024d6d0ec8b8379110a208ec41dd5a20
0x50e07cabe62623496e8f57eb5589b39053176058
0x4a8d856026af1705cf134dae9a0b14d77f8a48d7
0xde86e4ed8ed2ee5f9278fd59dcf1949bd59028b6
0x9d2f709456ac29138d50ec7e386914078e71f9b2
0x92050d973cb00b50761016cbcb22355c74c3e83d
0xb9ac5e78397353e874a30cfe123479fd1bf69436
0x71e0d05d9de467103a42a1256ab9e4e1bc4fa30c
0x13be415ba6bd9cd597b33e0b9c4c9cbd6b4f369e
0x1ca7cc69aabb9a6c4a0e8fce7b9ed4c38a8fdf8b
0x0b11e2c7281e201cfbaf68d14590654f8017ee37
0x0d610dce9154c07a73dd634679cebfe5873625b7
0x60aa00c7041ec03bc49bff6586e5a61fc4107753
0x4cb011cd090680e5876e1aca98404e62fb83e415
0x948ad46d6f924fbd3f036a2a4e8795444b77b212
0x22c14d0b04c840a9041ee8edf46667f89ae387ca
0x89bc311146952fef1fd7dcd2afbc3d4125e16133
0x75496096153838c1063bf2af28a926a572ee63ba
0xbbca6eea0ffee4ef2d6dce5ef96e27f7f23442d3
0x8940e01b6ef938a14316992f26c9b43c8a7eea10
0x5218160cd7c59597c4a8b6544501e2725e5d5a12
0x9c80cad18e8b659e9a49e9541dd9b1d8ed77bfe2
0x3a3445d41de723020db7381e080b868c9d02fd27
0x6cf3b807151fdc83523a7ef7f70284504cc0b9c4
0xe3efb027352186a2f27ca0b87adc7f06d88cf43e
0x65e6b2dccb27daed689e52f39c13d39d8ef3c1a2
0x83f9dfd153a5ee6ed65612a548bbb0977fb4ec3d
0x0512ce082cd51cb1130f3252ca6add3ffff77c16
0xe89e6aa1905e2976cc9b36fbef1aa1d6c66f870b
0xefae217586708f70f63c0bc7297fa98aba924ff9
0x36ae38396cd9e457a6de098eb3ed15819733e6b3
0x0dd7b4b67e592a01bdce83cc8184b5349aa8c48a
0x58e2fafd3511457f6d9ab0ce307b19faaedf205a
0xd7c1a0c011c5d321220483eacbbdb5a68992c5d3
0x560dd0f2d35cd89a2b94a765e2aebb4deb748ec3
0xbbc3e676e8a0ea11dbd09a3cdd71a34e63055417
0x770892ea892493e3238b9e64aebc9d2064ec0672
0x551273f270d0f11e2574905c7a014afa017ebbb2
0xb11533b477f61aa7ba61e5540cd35a429dacb446
0x57e84556399eafb864e813f39253f1f63edf76b6
0x98ef49bf47439caae08681bfa163b17094e91ef7
0xb9c769c57e3cd5a5632287b73133da83f8874fb3
0xfae4dc33b0e82f13b4180234ee9dbab8a24c9585
0x534d47d960faed899feb4ae7fe16581e965d5b37
0x5b0238566527ea84a61cb59470d6238961a6d5f1
0x2837ad4732e8a67c71d87295ef8eeec376d75863
0x13e6e03b730149b64929354d1dcb699cf9eddc7b
0xca56be3904e0f745244fd13e54d5a59e12edb2b2
0x963e4d7a222c3fe45c24a808a6367d1d3bcd4090
0xc45612f82d10873f7cc8e5080034fb7c8ecc0255
0x9aa9a44dff6e303d4f2f94d9fc3751a9cbd3698e
0x314f1dc60d83bade0b0bd1d2aa5dc49035e6db70
0x22fb035b721ee8db2275dfadf1d3db138283ff32
0xb87684480413661c67c0219a6c2ace47a01b21c4
0x57d9312e8c70940d04b72628d087de86c9bb5d15
0xe6623dfe953175f36048992275e31c440837b389
0xbd7461a3b248fa1db2fb98fdd5103f66a1e200e9
0xca51cd5aacb152ac44e3f600372dfd7c6f017d77
0x13093667f33e9363fcf938284925c8fb531fb5ce
0x2936cf0775983077217e476cd61db7dc295de080
0x5c8b13fe74a325b73c5500c15b4d99eb3bdd5103
0x5be3d749a0e55ae7757f3e1fb7e9b4217ca7fb9f
0x4b3cfb64ef2a1642955ac4e0e515f040fc156dc5
0x1a817a100ba594c1155c0941b6ff6294f6e49d90
0x335b9d39b3b812c625056332d3f77fa2cd98c85f
0x906213c055ef75d649ce50319465a12398e7f28f
0x4c574e4f3e42f27683b5941b802a576b164add45
0xdade24d5b462d44df4e6b5d7e485f7209dc2063c
0xcc983a250338a852b0de5dbaf861823689ba4a8a
0x8476d04afb76084f6db4bb61f34b08a3df9c2488
0x6fd7bf6d59fd7ee97b75642c942ff3f7047ac61c
0x434ce21174a910af59659741d3d5c3aa74e88b96
0x15fb4af6623e89b81ce57f57c9bbd48183137a1c
0xbb67b000d3eafec7d99379f70b234b0882000a23
0x4d5181c20084d16caf438ab162fac729d2a64324
0x60b1eb5adde2b16eff0ae77039993b2d06dfb16a
0x23ae8c229dfce7aa29ad56152c325b7c53662363
0x15174666adb1bbb203aadfd0ca67ab3d10c0cc91
0x447a6a9d41f23c95b2f0b7d1b73cb4d8b251f614
0x43f5e6c5a3cd848e72ea6d9a206dcf348ef2f662
0xf5f3408acfe3c9c123c5518898c14138d0b57ee2
0x09ac1e1cb7037367a48de94f034419c8b48afb44
0x65d44c1d0e080059b46d939b9dc336d51fb769da
0xbb052fece4067a3ad7d707a3a21ebea0e61fe8ef
0xac0dccf6a7d981baed5b8b0fe70b4791082e439b
0xeeec309793bdcb2808f9f6905310969ad3c6bdd7
0x38eade84a9284bac1e81dc08aa9058679ef3a0f6
0x564a4c9d8b996d5d4213febf6ce27ed5b62fe129
0xf53f0369e0812335fc4611134e72df562540a6ef
0x50c5f275691def24e0ad70b16fdfc50778614973
0x99b72cd709032a9609d59da2bc3d35f7d1642c31
0x6217457b494ac5b2809175a5e68f1c0cdc88845b
0xa80e0cfcc0fe5397e0fb1a5cf856b37cde0379c8
0x83b40501d9961e7e2054c134921e455957265f5b
0xcab99c078ea01fe017c1ada4e69fb694027a3579
0xcbc7a2ef517331a447dceab4a5defe6046a0e0fc
0xac591f8caf3a100b14d4add264ab2ee086e5fb09
0x86e60ff3be2af651029b737aab97aeef32b41570
0x8d367b2042ee4695ee5fb254ca26dad768009cec
0xfcc22ff8ff931007970b88b30af6a7cd86ba269c
0x1ae5fba7a186369f929204bc005bfbb3b02272ef
0xc9f546aba2a6280c1df1de36296ed644c596b9e0
0xafa6071e105ff2169a053d0685e27027a04efc98
0x95efdbcc20d07bfee165132cc91731fac22e3ac9
0x1e3315e8ad5d27e731d108e709aabf0c963dc596
0x2386a73092608a502870fdb5aae5be49c07584c7
0x30a1c0838fef548493e69910b317fb8fa92a309c
0xe7bc4f20d7fecb6ea143a0bb6013edacba47f0ec
0x38db23de63ccbe3a9ea8c7ed61491a458428f734
0x9ca2d23b0ee25eeda13d3bea30dfb208e6f97e95
0x186769ed1a38f185865bc9b38d9a8b471c5dab48
0xee5d5ac27855b6bd840026ae3d15b66a45efcfdb
0x0c585f6063c800ce70aea69a518e989aeadb8fba
0x80afb2ae6648011f4092fbcd9cd09291dbc9c1f0
0x132c6a8a6a68f0debe29af647424b995f1bfa825
0xd794319e02304b6dcb6fc8df464228546cce50c5
0xa30462b50a410b041fb95027c978e4eab0fbfeb2
0x146d52c70386e7b9dd26cc1554d20af257225840
0x59d89b4f36136a44a62fe1cfa224b96116d9479b
0x6a157e2c266fa3cd0be4c7f0a5e3568b3175251b
0x9054d6e7e068373ec05f6c0cbaaae0133b394ebb
0xe4a2ec1d9a871eed615670cb9bb4e8feb89091ef
0x8f2a4c50d9029d91e64c2b69f90ad9da4d49b8c9
0x88cffeb67ef2dc430c8b3a0a15aa33285acfc9ea
0x61d14740ec0dadb5cbfd69421a4b2076f7f58100
0x3bc51f9f498be85f28d78099a45884e6be2d2b66
0x79a1743a039f00be411e1523b48320baaa7c8898
0x30430071e8f9f0b93510fe42ff0e11d0a8666f1f
0xf3a17c57ebed355cd5ad57c1f8f93351e798b85f
0x4139986bf31a107b0c148f532197ff1a81a40c98
0x58ce5972e4a8c325059dfbe83c19692f7be1a1be
0x48461794d9a0581021031320bdd04466b049a111
0x02a5fcf3cae6ed860b5be93aad51e2ff6c257784
0x245c3c409cb817242017baf95365f9d03ea23e1b
0x1ae80b2b3a31b5e544c01dab92a7ddcf7a039a93
0x7cde8addedb4648ca558b2cf49c7c0c36fb913c3
0x346b090c22b68c6b5ca5d00c65e4a59b4184961f
0xe0b65bc6bcfeb5b36856d2cf2c78e18e2e26fb7f
0x308ca86f6a52e3c1e26b416e1f6f1c4938e6e603
0x946b54964eb0b2f9e1bf6f27201aecb0fdc1639f
0xf356897daf68f00b597c91ed515a01941b7d2a0f
0x963dba32a09e1b32bb8dbeb46307d91e65e4fa6c
0xdbc3f465b009e1f0b15b290c9ff0450ef32e2b18
0x94d4aa96350c3e7d104f1740ce94ba6d70a70b18
0x6d6f8a4af270ad56d98c3a06f47dc35c771619f4
0xa93ffaeb10f6fbcc37a07c71df5c06fef52f7eac
0x36828e0502849332594c3e59225207f56330fe73
0x512716cc54dbf2f4aa547ff38aab72275f341d94
0xed8602dcdc95d6a65ea4516009d2c79d14214248
0x2c99c40c6710de78de425552321439cb84dd783e
0x15e3dacdeaeb8c85a2741f053dc1ca5bcba6ee21
0x65b6d20a98f6ba70336beafb366cbbff53bd80d8
0xd9b82c4b976644c46f8896855c0a6376fa48120b
0x99286f99fe0eac2dfd314913a2e9fae45808cbae
0x867dcfa3c1e0441e6d953facf16fd47c224da8ae
0x6091d40b7a2a7d12652e3ae3b85c7e5e84fa331c
0x5ea7d9657886184a1d6c1267ab68a431b0413a1c
0xbfa71cc11808f959aeb188d2dc08fb59295d9d3a
0x33c4737c9800bb63b7054fd48f1dcf3306bd7a24
0x2d2dc81dac3352bc866a29965e410f694d33f2c7
0x4f6383316cef3685cbdf760f81e2d03fe9021531
0x484c621fee72423cfbc9265daeca3c7a1438d1a6
0x9b2de7aeea35f487017b835f40838f2d0a793642
0x9dd6bf2b67e7bee1dde96ab20c8286b6b86a9fc3
0xf6aae2729f5509460ba9b7bb94bb019d5f41f02a
0xb7ad776a59c82d020e3946359a6588fdba529955
0x73988e6d46749964fab99d17f0539ed53b7c7eb1
0xa5cdcb62d4829ef167021324f2411fa45b27cdf3
0x36b6a516192ebe172f61357fb77c04047665e56a
0x99bcc1a7964dce2cffe2e3e91c04c79d5e5ee01a
0x0afc8f712b40c6ef1ee592c7aa6ad8a09f63c63f
0x40edf5ff9b9528800ea23778975026d95649b820
0x6b6fe177322bb6437276c739e62f83cee2f371bf
0xe09f621891e2162bbab7560f9f55513adae88e63
0xa69344724702a4462d7c2193a095b74fb4492df3
0x4bdc2b43db027414e2d5a32a30f7f7825fffe36f
0x75a935a5246de0eabadd26fbc9bc3af009e744f6
0x7deb69b350a8069698c6e5e04874a73ce6efad28
0x1873b2c6003fc016369fb0bd22caf0bcbaab3026
0xb1c6ca21d443a84b7ec6f2d20dceb7f691373701
0x62a9fcd0b88acdc62696cca5da9e794aff5612c2
0x5717df442154335613fabc6e0d334c6983195436
0xc69321cca3d7083e5364c18c7f136a0c01c79a08
0xd5f1471875be083502e7017eb8486ec332d09a96
0x2962c48d4d74c35b44608bbe73590d18ce301ce7
0x4e5a474821574e6c8670226740dc763cd2b5c0c4
0x3127be6ec4fe82c516a637cee23c1a41feb07860
0x8b0c486dd4f0c82f15d6f9bb1c524ea2ec069e4f
0x6bcc87c47a3cd635a22fabe32bc5a2ca98b9f9ff
0xf083e43158ed91c2393b931a1a26dc9a1a1e5084
0xee8e6b25f40ff31ac4133e02884707511906baab
0x88de7419744968b26b648742b1acc24ce0ac16d1
0xd93534b0f51e52b64495534ecf7cef2b5cb9e630
0x00c6c33656b38b69d6289dd8fe4dd13b7987b881
0x0adcf7241536f523ae266d20217bfb889ffbfc04
0xb30540e6698a2f37e74c57d9ea2128003bec4d8b
0xdb5b077487c4a8c24c326038f43ae87f68d829ef
0xcf55b137a094386d05c67c06ec0dbb7fa1a307ef
0x892d9dc453fbe8d6f9ff8f74aa9c73a7a838c10b
0xd26d1a3359e5512947de04c929cdfdc3a74083f6
0x9dffa8f747dfdc6e5f4fd66f634c262d9be02776
0xf9e7aee7b31c5336f662a48d01fe5a8471112957
0x8bf141194ed66d0a7777fa4a6cc8b446a3fc9731
0xdc836a9fba0d4fbbe56cf581b2753c387af650f1
0xae340b32dd0b5e92cd33188114b6c28168713533
0x3154d38f35febe08fd0afdc6c3a1b833a49f69de
0x6d5a9b0c3efc1330cb3bcc2346f81398a9478a09
0x8f964fb0916ed35327d0e2b69ba27bb8cd08135e
0x75e158fa77e2b9f0ec88a5744f42201087164d8e
0x7cb71d7d60f60fdb86f1c4e5609a7d898763b619
0x319e623ed7b19a5c7fa06ba329597feacdb99a37
0xaaaa38bc08b10e024deef9e5120615ee48538277
0x1027b92d8982bcf7d993652d117f1f7a208accdc
0xf5009a0b72529ac61872ed7956b778f28fe7c887
0x399d302651cf29d60b569b1198217cef9a9415a9
0xd03657d1536b6a1d40516eb0cf8aabde916173b4
0x2a1fe8f9c9e1b01aedcf2ea75d7dec4de26a11b1
0xdeca89beafd46b7d3d3153077f31091bff0c3fd2
0x1cbc0ec74437598214def8d0cc1183f5632fd162
0x16d96e9a29d7bceda043bcc5d876c90ae3b75144
0x220f6b7fe412f3a968f71766a16aa6c9a2b72cff
0x017d373c647d33613fcbbd8c504e8c28fe08e1ac
0xef715699a8589292f36f29bb2019c9c9e00ca9fc
0x01366bc0b4f72df97eb0fcede0b0732117bafcf1
0x6734823be1f5464f8fb43856c9a379274e99c689
0x466704a4a74f4ae84d2f2e0f4314bef64fc3c592
0xe3c5fd11627021ca77cd1ce0f88e88ab80f4d86b
0xe6543d794b1a2287d8d60a1c4bebab0d10ba6dcd
0x5d4d99f077e97e4ce468eaf37f4b83f2ca1bb6d3
0xdd46a9cc621de07ab4db1fcc73bd55cd5199c6eb
0xd13e727cd27c62e387893eb5bb5f65010d71c82d
0x65334539c4193df69a4a70c2ae43a5214d6a39ae
0x44a9bb4783aea097170da9522ac9e329aa1a41d0
0xcd7ec0ee07e0c12a20ebaf0f9d23f447a38cf5dd
0xc64bd15219eda5a39b3925e17c0032fca72d5d7a
0x84ff4777521da996c1f2640dfc4be6a07dd9aa44
0xbcf1bc47ec08f5c15da7dd04c23376aeadc15c61
0x4369c14510f11373fbd2a35f9d4d34029e5baf09
0x98d3b014bec32b87e4ca5e706ffd9d3277e8279c
0x00fdb3c468a2ffc766f00be5af2a5257805fd8fe
0xa81bf86095e008ac00653b16c7808906d429176e
0xc965a73b540e0430b6a40dda400c81c69562cc87
0x7087043b31acb987b43b11518f4e208fa72c156f
0x1cc176b0f432872cb063df287ed886217237f50e
0x0e7453961092ef2c2838df5934b852b01e547ccb
0x7fbebb6b998ecf8f80c0d807a04f30f4f1194d19
0x302156b125fbc1fbd51e31bfe5de3ef8fe4630d5
0x72d577b102826e8077192ebcd4fe2a9f5caae3c7
0x057e97d6553c46a25aadd00c655160a725d55375
0x11b0046aab2de0134590dbd08ec51db3d01ee52a
0x4342f779b429f164e12a46846dec98ace1065516
0xc7f958592c65d44d9949472c7bd9e2b34d61c1bf
0x21486dd34c3edf48b90cff97b0d1eb10d62708d7
0x0a636046b97ae3e38a83d3cf4f0f33f5840d426f
0x0edcbbe20086b92264137c74670e664646ca1559
0x5f9b26cd28861f7c941d2493aa670e586517c218
0xb82fdfff62ab8ef98ee467543f73c0875a9d1e36
0x4c2f0bc27be2969121eeef234b72a620e7ca07dd
0xafb2cc3699f578884d536e653715941556f40b0e
0xcef44c8a343856abaed3a67bf851acdd18fcfd73
0x511ee52619dfae67e59b8856877cbee79bd67e61
0xc14b2d4416f35f06dff9ece3bc48fbcf3139823f
0xa3d0a9c992f895c4ea83e532b2a5c26d0d6f7203
0x5613ce7c28ab484bdf206151cf2a3bf5725def55
0x87af8555f77f7dfdcfac5b618d83304a818fb4b8
0x9c8bb505687140a731d1fe4665e823176b6c0308
0x0a98a4a698f7e1d880ef79f080f9f6bce0b40df9
0x286c836f99c58250acb4d1acde711c588022de77
0x1044669ed21cd9f75527df4babc4a35a0b7685d5
0x2de75dbc3c913ea17d13efc1d79c61c553181296
0x7d76d92ae4adef88d921fe142ef1b5429c41334b
0x944970b64b05f0f44687806af1a85d1b62173c9a
0xc39c76be547f169a5d00b5c4df718db49312e119
0x04965909eaab3ef23fff2b3956fa6cd5e0bae180
0x9bab17e2f2212d1a9372b118f4019df96043b755
0x2ed0e18e2330b04f00a44be749fed2ea52f4a33a
0x9d72ee0a51438501e65bc15a27e6a7c95fadb8a1
0x84fa28c8eb94359117ae4ba8a81031f627402b80
0xae328c5ea798013104a450cc158a2e370065c607
0x0acb470fc5141f04806bd97bff9946aab400bdc4
0x6d8daa86173bd9d260666c2a3d54971827158023
0xce534079341b8ac2dc7f070b46039e0a172e404e
0xac059516fe8b9a3a7ee211660d360b61a11d0765
0xca955205261f3d3f049a38cdfdc219977984fe50
0xc672844af27e9a3c121d6a5130d0d5dd6464d683
0x0098be3b90f27ff185246664de62ea2152d2b4c6
0x81eab74123513e30da96adf4b41b5ba51d9e650e
0x272d5e59794b1c02818d332044c86477ba5d946a
0xee0b4771bc7f4c9f8289ca28c96badff072404e6
0xe435c735b74a7ddd9b1ea802ed6abeb5eca4d49f
0x409a080b19aa1f9ebbaf2721f5617e119a6506e7
0x9c53c3f5717526b9427794332ad5b029e9871201
0xc48ef6924e86c4256e8d7130ce8d87af4ba5fd40
0x7ab9f9e69549393bad7f4a1d7e4ba8b987a8d72b
0x19a2a726e236e124904c4404d85ca38c3ceff0ff
0xb42adcb16e5d8bf9d372e5a42c656777658aca80
0x3e82b7b27691190e1931fca3a872c5e3ecddc02a
0x7ef1fdd0e7a59d1a4ff8fb3cd782232de293149e
0xf560a9251e17e14b88f2e3fcdd83adb1872bb76f
0x81f10824060dc078ee2e58215d48358fb7ec2053
0xd8c3edb3492140de8d8a086534f81775639c4d19
0xd06143022a151623b0ba98af0af73168515f80fb
0xfa562401184678d2eb1f53b482bc4773ddfde582
0x1694ccd5e922450377c89f29c8c4b4d5ced4a74b
0x4fcebc73e911548e8f0c15d504a6a90d4c0e3228
0x31ee4190f7476541f236eef99ef8f6f1355da711
0x2a2927a525dc9075b11fe33fb8c3ff4e2a7d8f99
0x64fc16edeb065fa6ece724d6f81062d69e7a445c
0x7ccfd0934e5ece0ac69c311aa87b154f7dea8459
0xf648eb26c92d0867ad8af3431b16e9c00999dc3d
0xa0402124f173717480b49fd86df17c0a902fe2f0
0x4a7fb0f4c4d94fb58cb45926f615d0b16e7d78bb
0x7ede1f6a831c609d16825e3c8ef24df37e9a7851
0x24add89f3439fafdf934cb580eaed689ba62b276
0xba16dbae6a3297492b5dce177fc4fab9ac8b168a
0x88c37be9bbac19080ed4eca21b92017e9f1810f2
0x6aa7816cc429752e245dbe9ff76b11219c24b52a
0x7646d963c0f7f467bf0aed9c86dd953a150cf25a
0xef042e007cbf978bc05a8562d496cc7af456e772
0xb7fd3398484ea4eff33e003db4c85d4984f8d62e
0x763946b21787233bb9cfe16c10e96119e0c34764
0xc7d36a96cafd373feedd0878b28fd502742fe0f9
0x2a90bc02a2f684c087707bf271273ff19d1ce3d1
0xc91d21e292918109a530aab9dd41cdabdfdd4e53
0xdee9f4c13037e55df2a71a91ac513c8cc802ea18
0x5f8e20e2d7cef882f4a7db386418fad3d55153da
0x3f2af413cb32ecb0423a24efaa0ddc90bf0ca30e
0x21b5be1cc322ff568c7c0043f538dbf7a435a6b5
0x92b859bf404fcd95f3d9ebb3c9d174270ee7f262
0x767a9e68c32602094be14ca4d24653d83b28d15c
0xa04801432209de9f3540f26c3943767af7678024
0x91d5e0946033439cc329cadda90dfc83b403b048
0xb2d00e3fbba13c2f128b508aff2b2e10b9029319
0xfdf23fde2cf2f7426d592c313d1899ea60c9c2f3
0x3a576e341320693f2e769647baaf9a802cc92309
0x20ff28b85bdf3d2b0eb1343a7b9a45dbbbe39f11
0xde43cbc3c54383b4ce921f6fde1d34c109bd5dff
0x0b49d0bcd8b4c942001ba2837f88f6a85490309c
0xf3d9a2426c9d8713ad59dc9cf6068a44b716d520
0x7fda3ebe8c15f9c6d2ff5090fbac437a5b6804ed
0xc991d14e08eab5853430e604668d200a33058129
0x699817f36f506833a32c91a05935eaf1e742885b
0xefd1a09109f7369f857085450107067145000509
0x798634ac4d90420cd31eaf84b5f9ef818a366ab2
0xc0b9a76b476e4b99a2de8095cf16d27e0cee31ca
0xf4cf1b51aef17162f4b78da9477aa4b2cf223112
0x8606396d8faf67050a2f17679774d8a80400ea05
0x55dcae7bdd0d9f1e4d6539e52abf5e922bafb36a
0x4b82423e2e25f9d7475500b3e5047c06e9f1f17d
0xc687037b1beb8bcf2e9c62296d76ab00b90e9277
0x182ba2b78821953e9a281e94715f369c85863fb2
0xb0103340b69bc87501beccb51fc26c267660b275
0x98eaecaa3adfe002da6bbfd54bdcc21f24953063
0x8665b670ff6893a64dc3a1a226951d526bffe14f
0xc9cc9cb31f44630b5e9d56f910de66ad6920d2da
0x38d8f4a29b66986ec01fc2abfd73115421a95cda
0xfa0cf6123a87025bfd93f1ad1b021b7f0daf6e12
0xdb0594b1a7c1ecdff233ff01680023d6450f6689
0xf6187f8d617d4c06d3d25013a37113de715d5651
0x8768192a1a7fa6da8bf0cd58c196059087c4f32b
0xecf608f98f9880cb47d367c12e5ef2ed5dc3e17a
0xf13045a655e3a96e99d8da4cb14fea9fd329c854
0xeb53608a34b537ae26c8b9892247efff56d88c75
0x8b12241bb0ed063ca98fad5d57fad43df3d753b4
0xa3b37171fe78dc0e991614d223472d57a28922c4
0x2ba34c7f56a47937bf14d213752c8a421b0496f7
0xce7ad2d696b04df616396f8b29d9977b18cbc56b
0x4f9e4b575047bad4751befa09af1d16a0b245e2d
0x561f56f9a5292dbd9e63d7008378add53c99eb90
0x0a3407edc57a734f00cb310f44484a4f00327610
0x0d935c1f78e293344e5bbb050972227b22d9f11e
0xebbab3e3fba96244bbbdca41af4e46c44c20bcf7
0xe695adce050a726003892045eb0a93d7b2b933d0
0xca2e4d4aa853fa28c72d17f518b0b962d305b147
0x7040e6b9a7b39df48e067d82f092faf09d8d84b6
0x4310bb79ee52ffa70f58250cb69ebcec08cd7ca9
0x0911cb83807615fc7f97b0aa6f7a4977b77c3048
0x1587e721f9770d4fb7d37c4e83d2b0a64b5228aa
0xeb63c334e98468c7fe36dca54a2ee6fd12905d53
0x8fdba797bc33cfdffc6bcc10575cb4c36ad30ba4
0xcda2faf2ffb2de9c09c41ef4a87864a63ef7bfea
0xfbd9d65acc3831150baaf6b48a9add832b7dddc9
0xf2920c39a290595b87ef5a3dcb3d725a6258bf5a
0xc3332ab958460c9c4aaabf5b70aaa3c9487dc468
0xaf3277de016fbcf0a3282b10c699727ea279e52b
0x943da9e74cb654109c16bb5fff4be0b556e3bf16
0x0029a877446623405566a24c50943da92460d316
0x528bc9c8d2fa8e31cc9d914453b94a8555fbf61f
0xdfc463a33b7a14782a5042b4f5bcf7a7a55d02dd
0xd27e59c5a32d122603690c8b99544f9faf304745
0xa779223f2c66da5caa4c0fc6f7ffe5b8a4d9cc3e
0x57d17bfb091c943ae1561ff8af8a3dbe6800cb8f
0xce3b75a145f80e1604bc2b7ff3bd0856b1d809a1
0xa60915f89c37d61a0d009b8e62d6bcdacca8b871
0x17c216bfa85befd9e6451861e99df3d99aa4314e
0x1fac221d809fbc5924b95eeafb0b2e1e540d4f0e
0x64a87ba4908ddbd7e64bec4996b0ca0d52a29bde
0xd586a155cf426b6e97642bb7c0a3efe60f1ed76b
0x2a02c8e9982d46a527e534b080c19c5551e41d15
0x9c55393cd8d1417eadc55d09d5927827e3c6dd19
0x59c72b865677af3949c7c18f2aa98067367a40ee
0xe9cda2d19782825d5cf3a5f9cb1a4b8aac1f4463
0x8bce2ed81b4497c7d3ec0c4953523a2bea74b2d4
0x7010c12b9a74b2962a8ddf1417051b5e38e558ba
0xab5ce0598f11d15380386056f3bbf8d20039ea33
0xf622e40077414aaaee8c81d2d651610a88b7c9b8
0xeeb032988abc99f9e11837967b577a2c76f3f36e
0x69c0961e8d6ab156db8253e40f16b5f70d8a59a8
0x69f14bfb5d1146eee4d755986ce81bcd996210d3
0x8abfc3d50a82ce9ffd8bd7aca95473339c3585f1
0x991686d2224d43ba8042bb9cf68c826d042cd71f
0xa1e5022285927815901ce3ee2ffec83e0d72e8bc
0x8d8bc45657daa510096b376ca744527a12938654
0x60e1cb24888620aead2894de7933c5f5a0733e70
0xfb2973181410368f149284a189ad49c039a5f14a
0xa5861bed59a4780fb1fe5a4234cad4a96ae4571b
0x8b65db87d5b6f007d584a6e3b899fb46289f0db9
0xed91bcc4335d356b46414f60d3e369254d997c1a
0x1b7a333ee77715d3c604904c008502f0dec2d674
0x98a5c7d5a3f5f9adf3fb3119d77f7fd961d509a9
0x8441a6226be4266244b39f4692d679c687cd2da7
0xd21d48919c82c18b16ea7d27f255bf4815a2b0df
0xc354298a29da076ebfb96a78de8fa8072c56f611
0xc61467b76c951c6516551b6821a56194e9bfd9db
0x0c9bd5cce4844e0cb3fe94b29f853a10b4958a4c
0xb9c7936b754f5178f09d9ad04c809248898dce5d
0xebd7076ede2923cfbb3f618d65ae81de7f9ee3f0
0x0547bb13b9555386b5a6d9074befe9115b0d487d
0xd510227e0a8601a1cc833e954ea7ef1f010af4ce
0x63392d7cef569144d3a28a3797df1e13419c0f5a
0x8c66920fb049fd1f98559340abee7339a0ffea8f
0xe11a702b04a3ba1cbf9a59b6673fe677e19f5741
0xf60939e8a04da13ca495864ba83495cbe53edca2
0xd4006dd4617849b31e4b1ee170f65926ac7fb29f
0xca25d1f5c10af790f3fc133226fff3ed9520cf07
0xecb1788fa81221cd69b2ad2757981ddbb8786043
0xfb0de8c26d3276e241e79dfd48f860b7d5319a1e
0x09e2e6fc5db2d572c6aa32ea3fbb91a36af8cd41
0xc65cb45a0efe2d1cb414853c2f8285ee7a71d991
0xed6f21a6401a58ba494c3b6032c9ace3a87a6433
0x69a110c734d210f930d74bbc3c890f84fb4dfb2a
0x4ad7b86583e85eec1dd7a79a5e5ec796a9a94731
0xbcfc93bc948b52382f28a446bb7c7d6d571838b9
0x1c8166eba38cc6c6217e004d942044b3c6fa58f7
0x4e96b2ca4acf4f33498994683d775887cc72e621
0x98c418a12aea1ee412c25eb6253b759ca4118de0
0x0b08324189db6407277227848131b4012af1b356
0xa3ca51310e81a8a6f8937e2dc3a639fea43f77ba
0x16ef82902d5f07ad0e5d4c90bbf0c946ca013960
0xd4751de8ff4c949e25d08df0f6722844d6872158
0x95951d8d9b4813dae4cfe7bcb9d70e1686a5b8d5
0xb52faac1fddaac2d19df74e4408b7473753c6f3a
0x2c673245bc70310fd158bb36ebd2582cd0ccf950
0xb919b7bf2697bca60497afa7b0fa17e5e223dbb7
0x8a06124585e3d914c0dad60f0f781d2ddee1a163
0x23b69585325df8343e0a81f7a1b1e00603316bcb
0xcc274e0fe789bf9ffc5885428b9eccf035ebb22e
0x0e7dcbfaaa99897d92f8584f53ee8bf8e4a3c7da
0x7b0ddaacd75f3621d39c4d459f4564087c313bce
0xd32be7257ecfde71679b9122a8c085eb6fd2bb3d
0xacc35f4f6441b2063158a97aeecb18e6edcd79ad
0xfcd0b884c5c09b6a9b770ae83fd2e7b7c1ae9f28
0x56ae50b5b374b070329e36e858798a6886fd934a
0xbcdd3d03a607c08ab41c1aba65a2478d4f7f865d
0x6ea5b79cb79423da856ce03b47b316ebdc834842
0x6017a04c99bb3719d25c0c9a5e910e0c36788b18
0x0f9a801fc64a2253a24314d92041ab3d1a5fe6fd
0x57a9b66b99ed68e3ba422523b90e5d356abf3026
0x4a29ca04652bf3baa96cb4eadde34e28d4069a30
0xc25d43206b03ff3a15fd71eea9f2b8d3f0799e00
0x9c36fc25d8f008783da36722e3ccfa9ac128f7ea
0x5e87a7c5ed8359cf9f0cdee9b0e7f7147b1dc571
0x4dc6a76a5e45bac7aeb5e846212b0a0dcb68fb46
0x8b1d81b3d73b3df81026810ec34083af7fc4ee3e
0x0c34dbc631d13354afa2ad3cfce31cbc2a978cb0
0x6522739bd748720425ca405f3e560b0cc1ceec23
0xf13ed4719d3db418debbe18fb9f96bf37436f652
0xfcff6cb40db616eeba323ef57f880971e5d3e37a
0x7485ef52746d74304aa3cb6ae245e4ddb6f58f58
0x61aad1a72a42c6760baa5c0d447664c30e59153b
0x23291ed6baf969386a12a279c01e9d4bcb26f938
0x3059f3aa440d1e07999c77e7f889b0276d794f45
0xcf9ca5dd7005579a02d12eb552ae6e1b1f2c5af5
0x5a437f5ad4ac723c460d886522c6e4d83e7dcec5
0xec91e7766cc172d2a5be3e62ce2879dc33b3dbd5
0x8d2d6d7a135c1df30badb09347a91b297b005e9a
0x3dc76102876a411b81b2b0c64d02ba028d94b154
0x113d1985d289773c50d35f86947ce6b1e564ed86
0x02848bdfbbee14a1f071b7936c634914ea9c93a1
0xc106003a408e0dd102d3eb2cdb0a14a9c4a68a31
0x9a96d2c9886b8671ecc386c3a8dcd9552090f330
0x101243e6b3e28ac6c8976dfaa702fbf6a4f61869
0xe0c82ae06a0e89bf9785babbf2ccd33ea3758cbc
0x68153eac24d1ec4f3164779d2ca19307ff6ce7b9
0x6a264ea2e135acd0a811a0ca792f618dc3b8f3a7
0x9c58299041b61b950f89a6c6e5dd164dc9ee966b
0xb657e1f332ca1cc6ebf36439d3915e0e10297f87
0x3c685e16fd8f4d91a4ba0625937ae8576a8e44c9
0x6ad7006eae1e03676719bbe5f992b863d4e69060
0xe215ed5a61fabf98fc15b35bd6d3a3bb2bda31bf
0x66a64a2bbb34b9b11a3e03d87eea303ac000fb28
0x9e711c29aaf774cf5e90a73ef4c1533e6d03c061
0xaec989a88f49bfcf282301a4e0bacadb5e191d0f
0x588b2cda5510e7529b289a3b47a74ae5ac15b7d6
0x0d3a65002f21eb2e4bc35a26735138e3eb4ea1d1
0x52594cc4a0a1da0e7befeddcfc1e9bedcafd9f6c
0x01c81ffb1c34dc27f0ef1eef70165f305859825d
0xebe8507ca04d7e7ac5f201bd3e00fc99a6085873
0x80e66b74c67c3e11785b4f49597e4d2e1dcc1114
0x9045be04f2778486ceabfdd74280d565b5b71f86
0x69f11b3257462914ad2101dde38108ae15a7179d
0x38ed41f1a290d8f23d34b3f5267d2e13ae5c2fe0
0x5d7e04bbb46e0222a66a5c756b628319f9b9b705
0x0d814c52ad6594d0817084bb45f9eaabdbb775e1
0x19ea618be0d47ba856ac37e881254020009c2d85
0xe51ab9b53bf015658f977105ae336ae3479bb49d
0xe524834dc0ab1d5adba500e0161ce5d8ee27cd07
0x091f448f7c21f0861d65cbca47662d4a3caf9a18
0x08b424dfee2674c5690034f341292b8ae7c2bad7
0x224999675a9d0682e804f3c846fdf6a56ed1c4f8
0xde3f6730545ef00a5d9854c1bffe836815aa00cb
0x9c2eecc642d5d1e344bc8e9bc7484db9f28ee1a4
0xa03b885ce8c33e409a839674b45ae75275bdb1fb
0xaa14264e15d79cc350ba90a33fff46fb00f1f5af
0x41018fa7983efab12fbd65c347b3ce7300cf23c8
0x22be9d347133defb73eb093ea1732f4c3cee2d6f
0x2d1c8454a692cf830c483b33773827e909aeb634
0x084a2037ef3c0ac432ab4bdaa06c6e132dda649a
0x548a4d530144ed6c8ad39692dbb0d43656e55a04
0xb60603802a82c9e2ec34d4543d7318c5e6a40b8c
0x2c8fae3546ae524d5606bd360d5c748b79e60825
0xd42ca8511e32d1d18ca71fbde1374cca2a1a1b9f
0x49e7a71b0844a40673903f697283c10010907dfe
0xa25c271b5c25ca542f4b1e3c85546e0e9d0dffbd
0x2cd91c1a4838823c1fc6e59ff2f228e6c72f6578
0xbd4eb54b02fe705489b1cd6bc37910fa147ed214
0x52f1efe205ecd0c85cb809a7309147a0a8ec6f2b
0x15a10f14c5fbe263f1575babcf72709fac522769
0x39f3baa8929cca979c97b2958a7814fcc066a595
0x011cba241edbda26494b1c53c28384aa9bc6b5b0
0x8a5ff7681c5df1a73369dabc4f24214f3620363e
0x9fac60c10d7721f352ecf7a2200efe053136279a
0x8135e73e06e17c74cfc74890d4a92221d71c162d
0x83f31773a80756f5045e9a9a57fbe212533c9a0d
0x38e1b47725c6d34dda262149e2240f53b1e628a5
0xa60fa868860912b44896520da8f14dd00b485add
0x69a90353f185bcadf632512c938749791e3fc874
0xa7ab0309ed4f418387e7bbbe46ff05d0829c5dbb
0x9720808daa6ae0ce65e27cbde896c79d75fb1c53
0x67f285feb30a21dc53c7ace22ec5526d18375985
0xe074e3b8d01545aacbc064140f4797042ecd9fdd
0xc6af9b9e4d363a539dbc90ed1866a812edf9cabd
0x238fa7ece54ee5d9eeacaaa16e5660011964ccc4
0x688e5c0046b00aec0c139c0dbceacf1e89a5f0f6
0x3e027eb737c7ba6a4369cbcd9aa5787b1f1d3b10
0x7fd4b331e73ac6dd7ff01ab9728cd18dd43953c5
0x9acc41caf5cd7d714eb009268d72023ff9eef2b0
0xcbeb877919176e57716099acde1fa4d2b7d7a7c8
0x1e805973f020fdec67d0003835e9ff2d7fd33c94
0xccb6cc7ba5f267b6a01d79606d3bcab7251c6a30
0x254bf98b3cb85d5a1db70032209a9fe2df68f97b
0xf0e2f56acd647843c47ba823bde05812e1a38142
0x21660a00fdb4ac56b3a5d2b9692314d00e96edc8
0x2baad87df6fa0023df5aeb193d921d7896da30a6
0x54df0617baf74d6beb0642805ae247c5e3259c21
0x2c8558019fdc794dfa4fcdf650121cd6b575a6f0
0x5258cb88e77189e52f45e130774b038a056bc140
0x5951c5af42dff667df46e669c11cc203eec8e5e3
0x9f3ad8055789cdd7bab5b95e4d5c39ea6786b8b8
0xd7d54a8f56b35c4f6a9117ae8aaf9fc4fe48dfe6
0x14cc1a7ae13e8c74341385239ea221bfc3a78e4e
0x599c28254d795945b70828a8d3a65a10592d5c36
0xc0808dd1f182ad98fc2bc193c5f5d8b342d426d6
0x8c28372a22f31bc85966c42591b58f3b96a2c723
0x86fa593ca009f8f59a9805c6ecfcf0e402314d83
0xce958d72dca174f44da46a54148358ebcfa36fc6
0xbec8ce7b71556a19b9defb2ac5f9ad461c957b7d
0xda96b56c02e057c3d006a720ed45b7712b8c548d
0x84abeed1d388326af0a4ad1c0ebd60e883a50e2c
0x399b353ea2db977757521cb7bc5ecea0e75dedf4
0xd172c2add87de41b3a00e47537503485b656b537
0xba7bc2ea64e7f2385b089e1e4fcb777f51da3db9
0x5f07922f1cb8125e4e548f53430da01b6f66eab3
0x7dc96a89035baf10677f326fbe84180ef0cd7a20
0xc231fc7a17f523fae4b0f79b2b80f603c59f668f
0x30966dd163e6073f7c5fda3f72969ab6067fe911
0xa4dfb9167b2c952dbfc48d591ab6c75233cb56b9
0xfd9acbd12c2305fd8cc50c0b6585477c89f3d0ac
0x1337638f251c1c9a0c12781779cc01b15a72f214
0xf5e3eaae1bedbf813af6a15e71a89ad66bf629c0
0x05a77209ddaf93e960d87a349343b1c3980e04e1
0x430dc11b776b4fc8c9898c44946a197b889bee85
0xccb2d18e6f792e4399198a518b3a3250dd509adc
0x96c84e9383f375ac4452671ab87c0692b6321efb
0x05f6f9621f3ab1b8b340ea47a185791f4c860ea5
0x6c3912e6cd830f97572041272077c78ef808b669
0xf85046c4247f574d5cbfee90afa4472c49eb9de6
0xaaf281bf6e6bfc6d197171e7095f46f2eefd92b5
0xafcb7dfc5020fae91ee860835101a52d2a32d7ce
0xb58034e5a6b4956d5a86139f182d868fcf7408b2
0x600a8f4526a4d79e872a3dccaf8485957c27ea0a
0x260c811ec436bcefdad884475d747d477bf2f4e8
0x8f27bd6fe8387b8ef263e058098822eafa1a9fbe
0xe8ef9dc63e8426ff7af2464704c657f99f881ae7
0x4887541a45b2224b4d0b529067da11eced558d76
0x2fa5f47b3fc3e68c9defb0d78fd2b0d68fa2ad66
0x3e1fdf608f0fc35cf32257400a630cd0f6ae51ff
0xbf3889309efeb0d549c45733cfd3d93b3bd2c318
0x25a0737f6ee15a920dbd268406a1d177e7f4812d
0x84617bce650e9c51497713aa23d98ff1775afa3d
0x3bb0192cbb755527b6749f0fd607e612f1bdd7fb
0x25f0485d0fb46836c11010c5c854c01ad10b19b1
0x900e1adaaa5a09e489a48c5d3899e74fca2ac212
0xdb522454520e8d31f95123193c508b4b016092c2
0xde490d1fb5069384396b3aa036b8f596c2f45f84
0x8992e86deedd445d08cb4cec234ea566e7d7f3c9
0xae8fd8f4175f4eda9a940b1ede0f002888948f31
0x5e06ec47c7f39c8041287c2c75ab2803d53368c3
0xc915bf22c961b9477b8c34e554abf8f36a00108b
0xcea98a8f49d62904f7821cb7512f4cbfd79d321b
0xf54daa506df6b6c09db8afe5502d8e82d79d4ab5
0x2f71969fa54941acd15e0367549a447695182fc6
0x2fb4b7bf6bf163ade54bffe36a47a52ce92d738b
0xd3897c16479dee7079dc302b456a417902768a5f
0x73a9052f0c17d55f87945952f90827f47a297a41
0xe381562c5bf114799a0672c5cc226140199e2945
0xc805a13fcfc6aad213b8da2261a48c72fc268be7
0x2af65090737bd87764507e16300f79f1319a2718
0x51797c6cd270ffb6d2737bae33bef53082ae904f
0xa41a737d56f4e8abc0c0ee0dd55913406b0c812c
0x1673f57b5741c1ed55d3a1d6bf3dd37a85cda294
0xcb06fb537b42b19190cbc3fd7cc01c9bd6b23731
0x5428002e0bfb7d665e9371d224b5f876bc1f18aa
0x5263c3f733a070732b9654af11fc8ff4c6ee110d
0x812b593cdd62a20ce9f76cde8390e1d39eff546d
0x8c7e55bfc25718fcd1cafc0ba9bb1f1930387cd3
0x8929a8dd4ef75ec650fc04a83ac88bdb1bd0b984
0xed7d45369087c4e56d5e9854019999c1e9f77d6a
0x54d74fecd4365ffccd8a269cd7a552630cb37887
0x970be489d7ebc92b3d76040947d261349dad2e96
0x920bceab74aef7ffd75ef89807ed4ab44cf28080
0x3e2d24d8be45421422c7ced285dd89a6992f0707
0x1c786ae5fdb033e39e57d25a7fbf7ba7afc53dc6
0x2136856357d4fce291cc7457b6da689c37d01532
0xf468f5cf421c9dad8844377c18922017869b5a6d
0x40c5bf2294ab1549f2119ce45b9a306f5405397a
0x2013d552a852f1715f3305033cd63b1dcdce1816
0x430939f8d21f5067e59473726daf20398e69afd9
0xdaf4ae08413729941938f30645b00783ca328a05
0xb2709d3a05c9dcfa95db131a9f7dbe1dc123d1ec
0x5d5dd79c03622ba8bc1cdb3395e2f7ff63bb0c41
0x1700e605e6e5ba7df2a34f8e94bede491564ecf5
0xfdae338d5ffc597fbfd4f0ad506922e75ab6a916
0x35dbd954d7e8ae503d4dc4fc79262cd4fc76e959
0x7ed84211fac82eff526380f757fa4542b653b50e
0xa6a9754739952d45f8310d5b7318a017a3f8bf60
0xfd284ddbed6a0d7a9d9a3230201095447a91bab7
0x662e943c3bbd07f05f1f22bd1d64d083c43371e5
0x18f39896f34b53ce0b114fb40c547f4b79fde142
0x509f0e6cc9f5f14d35de893da4d9c531bb6b24ed
0xf02ec15e0b456b212f26893d4a390c4bcd0222d5
0xf4e453a639b19f7559cc52ea3b58e35d1eba39b3
0x4dd01671b3ef73493978082d1ae0cf9d4d425ee1
0xd1d3c18201d559a1f6622cec9a3084d601d7331d
0x0405c7711bd7b95f656dbd0e44d775a4700d931a
0x0cbc65cf32da201a9f3b237faeae77995d7b72ad
0x3f4fe8af6294aae895b4688a884d9d9c0b98bc68
0x4c61e928f5109efe0515527c0fc87f52bee6d5fc
0xdbb2bedb2b8630a048be80c098f67a2cb40712df
0xeff212a59b4f5ab2f23dc6529a4f2c57061ae5bc
0xfba9ad2032fa4c56960adefc1653d14bac5df714
0x4aad3d3159ccad0da641c5ca6994af0d996d08a5
0x468b366ee23830759d2dd32be0ba39300019fad8
0xc63f8103efe3206d62336f076d67f7dfde4a138d
0x9312eea45c5f669d4b040f66b0502bd09670e604
0x8b0863085ea40c5799e45a52734675b63ae719e3
0xc8aaed2280f428ba56a23fdf4c6e4b57105a18b7
0xe616247e82fed57c58d174548071b5a8f23bd16e
0x6b0729842ce39baf84c029837a9c150e8f92c23f
0x1d1a87fa5af5287a27c8b0e5ba2340429277dba6
0x9043001eceafe9b98d5426229b3061db2add3b66
0x704a8e89a754a69a63df45ccf6464e80dd9d278a
0xa8b62aaf8e0caf58c206d7c43463b159b5834eb6
0x74542eaeacef3d2aad3615e10e8d6a3ed68b1b8e
0xfd670397995d0d5428d40113e25718fb72c0a98e
0x0e18ba63ec1e4a18e72d83f52aa0b991d89b0fdb
0x5a83d2d899d561688f1273f9252e7a6b4ff7dc5b
0x778614fe1f250c2529bea03f6e985d045df241ba
0xf10638b807d1bbe4970b132eb10570117885b03e
0x7d50d829ac126c3591936b4d02cffbd7eeb1af54
0x844e061c06c1f1209eea103cb071e25c27c2b613
0x7543f748faaa26a116d9f3223abea32e9aa36bec
0x18a97537cdb635d2e3db8a11b5ac492d04032ec8
0xe1f5fd7401221c6508cf5242095f292e638d16ac
0xa748a28481216744367b79eb7d08bfac064a2ef8
0xffe4a8675be0f4319c644f6c11e0100a41243fc8
0x77ded8fa9c5fc731565bda23d69d167cdea4cc5d
0xa6391089790c13251ab3fa18418ef887ead61bc0
0xb54b9a4831a2e83be82b7e8207a02a84050d1dcb
0x899ca976294399977278192278fd2c131690a960
0x36971fde626638e6d31977d55ec809ab4193bf08
0x2ec885e26a75a43fdbd7273f81c543ab5a2670b4
0x33f7567c6260571427fe8df8b1a75d71ba33b5df
0x5d880f1bd60850988baf73a11e82e76db54ca046
0x5a4f21034180074196687377301491f8f0515bac
0x913628dac6d8b32de3a3c6579b67976b7246b5fd
0x86885bce14789acc35ced6fbd8f7e88a6b824c0b
0x2623404995dd16dc176aab6adb893dfb6966b358
0x5acdb79e50f90e725dcf868e5fa3f176da348379
0x2bfc68d485068fbe0c44a11ba84963e472df1e26
0x90b292845c93bf60ceda0b7a2014f3c01d68a6ce
0xed1ca29ca5601048ff2d880438687b0acbd5b4b1
0xf2cc79ab35126c55e1759d21587699afe6b4970a
0x19cf8a611fb9c29f0113c0cb5dff69d36beb774b
0x17baffc1924ebe5f19bac00baba61c5a2fbcd2e5
0xc55e0d1d45bc7fd70d35d298b16a1c36d7781695
0x4b26257f5265906a4a25e78b56c3fd2b1a599f65
0x4f3236d7d391951a22d8795f93da612802444aea
0x8982ef927337b75f4468b98cfad17ec463e72a60
0x9e4faae53fca154a3ff9ba6aef7b2c5ba6c6b151
0x6630f9636474077da95756ae377f20151419a457
0xe631fc051fbd11a455497bbe051014c7a94157ae
0x5f18d19e1c67aa58aedb283fe39d2e6a1ee0b66b
0xcbb88243252fc67ac50ae82ccb9e77235308c8fe
0x9cf8cc49cd7eb4acd4723c743bb345ec09c7419c
0x168f9bcc5d6dc0187a56fd8b9bdb17203e1ef95b
0x2d6d8d17f695e56116ece2714abc95a2eb279132
0x277cc500a391c1278cc31090d5a60a4c3c87be05
0x9cee66035d64a1a78c5b7a8c9c492bae674a05d7
0xea10f18240601552178fbfb7b0255ecad8cc3695
0x0bcb3a2d2386662afbf72c66f37f960978e1d85c
0x70a5d341368beec41600c4cc937c3e2a0141f55e
0x94fc2b8198820af8b252c5961d50b49714015b0c
0x146a28e0619b2064f3e2e46d96cf5bfb97d07f69
0x1b4ec6c215762a91ce5a441718055007426f40d9
0xfc91029d0264f028d6128ce1d13eae271a3f4aad
0x7e8802bba06672b4bd0a4118817fbe97e59a00eb
0xd692a922a48cec47e99e26f1bb475238aaff9a5f
0x10940cddc068e40ac08bed09f70e79b26726af0c
0x937d5e769574bbf78575895aae5fbd8b89ae8e30
0x417e426a1651ff598e52f9cb6fcda1cf239b1f93
0xc40d14144c9e02b0a6f38377b463efd38e4fc2e9
0x47652f3d2287637d2b612f1eedcb73d287cfd4d6
0xbc343883076ce8aa02ad0ea3bb66de1f40509a91
0xabaa7f85b1a3350be7831c8547ae957045986bb0
0x761793496e5cdf7be041e74812e6e748735d2995
0x8424473aee9f17becb02b47cdf645882592ad4b5
0x95d812703605e3c0cb759207fd5bb35c7a0d1bfe
0x56256f1465b73f9ecf6717b6f6df5ae582a2d1da
0x468d6a8b642849163c2549778135dac10b321364
0x1dc8735cf0305a4af54605236219675085729605
0x8e64aa3f408ab76f407207be004af57f18a6e0e5
0xb338a8a89b29c35c5a20eb0740732e93ef4ab36a
0xfe8dbbce5c7c8c5d68b5a062e6a68ca70d90b5b2
0x0c8198e81050578d01daa1764b2accc7c37a8559
0x9ff80c03dafea1169645fcb15ac2ea8d43dbf35e
0xb88f156d9d966eef2b75ea3f3a01c5a70c34a0eb
0x9b861f2962c22e6f26a2845e906dab06f37a6ddd
0x561458a5ef19e8af3afce70c16a06c9182f9d76e
0x6f50221491517094faf3f9b68007c2c2ac2d3125
0x60b7b3f69ea4db7f9cf3399a0e00a19aef66682c
0x9092951794de4e50def68a3a29010fe5a9cd9cbe
0xfd069f399e45299b8f15b4fa762d226abc78fac5
0xdc8753c2a52dbbfa72cf5612561b5593a053ee1e
0x6933f51acabf159b4cce07db3d469fe70330254c
0xccab15e73364fed4c936209af011444b8a5d62ca
0xb9d1e0e0186af33b52201612a4d825422af48794
0xd4de88633e934dfe2f7a7b4cd7de685887507a4d
0x9e5a7f2d71e61411411411c85ee0b81772bd70cb
0x06f4288ae9f97707ef78b3ef450148dfd418cefb
0x6a7faf12632c9676014b163ac6bb8c251d6ed7ef
0x66a50e5bbacba09d9c0cfb0a37a4a8b1eca55b73
0x896ace235a5c7636692971529ce1c3a8f5db241b
0xdb31ce8c96897a9b43aee116fef0862d296a372c
0xbfb20adc227c6570c089c673836ddcccd1d23a64
0x1351107c62c5a998fa2e0637f49fa24daf4cfe1e
0xe9501c6be007db563c8936cd9343106da6c82c50
0xee06cb395e1e886afd8c5829d6878ab49b817f77
0x50d645355c79ce4aca9fa4e1cf9257b469a10799
0x91405c454ecdf356faeb0b79f0902ee21d9615f3
0x3a061a56b942be5887d7120c86cffda1da357737
0x2d560afcf3fbeee83244c326473d7ea894e37062
0xf7f2faf8f8e36888cb09b824b01a1be8385cf8a1
0xefb228873ea5b70e95708658cf3d0cdbbd82f09b
0xe7e799dfe6a7e40f3677c95f6d35f180b994e043
0xc1170c0591661efa061feade01cf717a55b17e76
0x804ed720eff211729f1f32b31bbc9c6ddfd0dcaa
0xee3b9bbfb20abbd3ceadbb5363fa3a71098c6c1d
0xa119849e490845f00f342c76170ba36fd0e1b6f7
0xe5c57cf94d8db48461db25799f4218f1d801aadf
0x640445ed18bbee8420a0b471b28825601d0726cb
0xde1c55c795b2bd571ccfba9382b2bc6ec8da85f1
0xcf3ed4b0bf3d3469706f7ac6d198f2784e830ef7
0xafbd25cc7d26d474f7f63715c03c82fa2cdbd070
0xfcc9848d056a3cc423b45c02a1501ed42f0dae0e
0x8beea8c5331f309a3617d964aa212d2cd60a6a91
0x263152500a706f591b3e148011444e13c5c1cd1b
0xae5b5841b88ad7cab179eab3ec4d8ad419c74f90
0x96dee7982e009d27320cec7780bcbfaec043db25
0x0e1b080d8bec2c040c97ed18e662d191b428490c
0xa47bf917af2286957522321677705543e016ad8a
0x51a7c37dbde012a7d54d6f6244edca7e3d42f951
0x9ba9339b374a0d121ef1b5d495a7bd6603067b72
0xaf41dac2fd9c39d8566450ed73f04b508068c7c0
0x3a810600d316673d310b0cab75d9b9541d03980d
0x88dc4eea4a3ca62fa7966a5400c4cbf9d1e630c6
0x8b07253182d1918e78215d84d7f4f9bce9ddad24
0x69fa39b90b3f33740f77891990cbbcd1c01bc2f1
0xf76299a04a41b0c5e92244a9660c6ac21a6c2ca4
0x05211516c0dae7f374045e0ebdc3f737d188f90e
0x31a29f81bcdfe1384bca18386dea74bce9eeaf28
0xec5d1018d61f5d2f716458f4b731e379eb7163ba
0xe3c503d6de95570c9e46e94ba74f96033f7481b4
0x99d653649ba9813519eb6a9bde57670f0a7236ee
0x81048a52cc9dd076e98b662de97a870212bc2859
0x03797c563bbfbca7bef9dba196ca5b25d5583f1d
0xf5814d49e7c8db5c67f10db618c621cdd73c103f
0x761b59b1982798687c73b0896b33ee3323518f89
0xf1cd8a19d22ccb7c02ecf72a1dcae58549d008c7
0xe4553e8065b83e0d025a212599fc70318e143b3b
0xdba92d68bc0c1b2953b852a3aaaea3df74587348
0x25d863dd6a826313cfcfb462f05dddc00bbad45d
0xc3081ffa553f1922c63eb604930075093ee5c523
0xb4ab1041e26954acb2572ae07ff5103debfe0e1c
0xae114b22e66e10ec228d9184955823aba9745f9b
0x9ed9839321126c10bbbd9a70413a6b84d7b49dcf
0x619d8e349850b4d1c4fb9266d7c0a26e242e2c8a
0x9c84b0855ec24c3f2d159733825b0cd4e3593011
0xf3ff75c00ff0b75cfbb98246a2caeef2a7707389
0xf4f9b650e4c41001feaddab578a24aa9168f5ed8
0xd4debc6eb9947ec917f2825fca8f82e276e9ba41
0xd183145d4711cafb94836c5b5caa6ba576af72b0
0x593ba970d754f2e9b146309d985fecaaa1101aa1
0x9c1b1f858a7e5752a7b36a2152974662d1abff78
0x5afa5d6219656c55b3a52d92717756b885090740
0x16bc60dca9c61a19cdd4c6974a50538e000fa15e
0xaed4c88e4b8e179ebdf1c7a002eee5a1303678a0
0xdb1dd13bdbe7bf1d319269fc4b07a96a18c184ed
0xac890698b64074ff07c6fed425def7aaad9889eb
0x3110b1f08352074245ef35d82a002ee36250123d
0x34fa482c795dfcf8533b197f11d44ef9aae84494
0x6b2de6bf30806e168d125912e372c2e2869ac853
0xa055f257bd6fbb845e744d236e68e2663e7b194f
0xa4e3f32f9cc1beb6046f2bc568578f59d1a4587d
0x3872bc592fe5556783f6d5a28c26137bc559e1ab
0x48aaf9507fd1fd609ca53899da018bb875ed9520
0xa0dbe7bcf7302bbe9e1c2416a9c4445d2f81a354
0xc7e2a9effeeebb3dd42934735362b65655b09322
0xb79e6bf87b0fdb331015b134c6f607f6e8f41ee8
0x4b5dc405600dc569a318fb5f14e2f4019aa249d8
0x79df9f28570f52dadfd85ed303606c538f2e8247
0x5b15e43dffe49ae6d073912153a853ef74728400
0x585d2d46fc366b8c80476cd1cffdab34d7c84067
0x3d58ba3a022c92a797698668083b7e4adc71150d
0x8d948e10d672a88092ca9aaf283c5d947027e5d2
0x825c9fdd94a3725e5acfaaae83c06cf0315b3c8b
0xbf85a3a1f7ccc5e0a08785ab57b05f952fa25342
0x3515408c6defd7efb7549eb95da32dd9fd2e0461
0x7c037f7bf86e262ef75e049059c2ae3b9e53542d
0x9d91667f64b5bf2d4c3ca2109cab1f033dd85e48
0x63510318e8bb813ad7d821847234ece89e1137a9
0x159ad5144cd7750005e1259fa3e3219b0ae8d6c1
0x78fc8d0c6e8572faa88cd110792b82057cf0542a
0x97d9534dee23698048ed3c9cb76aefb0a70afa1f
0x100a2481ed84ee6102c6f6c5c699e60a7ae5f1e9
0xc454d3872bc9af53208c6737c9055fbb0de152f6
0x4d8f42a0064eb2a893e1379eb71bfbc52c25fc5c
0xbb62ca3ce045c36446458e677f1f2e694ce0557b
0x0064265bacec05bbdb575ed65775e5b2d671a79b
0x451944d60d8bd7771f0d128a9d33bbfc343ac0fe
0x944d16b93b81d1ddd7a980204d8ca57a25bf9c9a
0x1e34c29fc93801f50b3fdacf5de4f302fc73dcde
0x4f6e1641c1ea0ab9bc58a6d74a176e4ed43d9539
0x4426fb20959697a1762f5d55a2aa7cb5e0e7d37c
0xb55e3e305f6526e165353373ac5a9cb6f5b9f640
0xc0b5934ba7d45b0683c706ec2e6119d2d1e50fe1
0x095506ce196de1e1b82ef008797b62a358c95acd
0xab7b223fd6f9cbc599dc7674846a8bf40e245bca
0x202af8313ed4c4938f0c310dfc224eee9f4e2645
0x12e14025aa8e8f78d3338640bb757f9ca9d47fd7
0xff9bbe5d0364ae5bb884d5c959ab0acfff8b182d
0xa728ab28ecb4e80ab500b3f16008e2e7bbc5a9d6
0x81e617b5f537beda6bfa6407f0172ed2fd241076
0x8ac8db31abba560a203b85cf209d0129af8e7494
0xce3f0feb817b31cd4291c45e72025e6a60ba9966
0xf03bd44a36666857f11a585256987ea85ec79bef
0xfac0387f3ea69ea0d9da5ecfc15d5abb27fc671d
0x9a827e817f4ef0f39e2d98a3c70bb9dc6f32015f
0x4f8a2d6ef4015d757670e05517421501362d311f
0xda9384edc04f558997b1634301ca90e85b3235d1
0xe4f5eaa583c21b08b6f88a11a7b839de24388f5f
0x6ac733e3a60608b01e466bb7159f3d256c5e7de8
0x7f3dfdc5c2bc7aaa20addcb84f057d9190918466
0x1b44b7703f759d0614d32a7c682d0a2f5e06adfe
0xeb52c496354340884669d57d38b8e1301e7bd419
0x76248f45cd6b02f49173cd81a4ea9e673775939b
0xa452cc74d557df35dba58d55ea714b9b493ee2c0
0xc49a488556c9c997b58c89ee0dafaf470a8882a5
0xcad6970021cf0ceaaaded970ea851b828a0c1c12
0x7ca50bacc7919d8b5d036830bc2166927677084f
0xeacca7d86f09ba4a53ee093159b57e02a54d0df8
0x427d658c016ed29c6224c11a7f12ed66575a7518
0x4fecc8f0229624b34865b02d18bf56b660d51c84
0xc7c6a3075bd201896fb62f13d9b1374bd5ad2a52
0xad1adeac3991ed0bf8fac2b7da164d73502cb8b5
0x39e17e8523afd8808413b70136a0d66d1312084a
0x6358ad5c5fbebcbad16835616f403b66848efb8a
0x6eb970f4badb1a54344681510c3bce963eaeaf3a
0xe29fd621da26e04e785bc41f4cfa518d20b94b3a
0x5a0d48b6fedb64cbdd0891596618bea687859d53
0xc15e5ccbf84f3a6b048568b949676f5e1b2ff6a9
0x321b8b0d770e936ca464265b742aaab77be7e4cf
0x9dac5b48973f18da09f324251f23192059e33950
0x2381d6f1187e7c940b573b153e3a545ad7720452
0x5a3d807f83eb858ec7f853632339247a6b265271
0xb5c82ccf69cf607c552a0e794c101c0030776a6b
0x2e5c8b5dadac82cc660d1d858ef46386d467cad6
0x55607f3a1a617a2f07fcd579c2a8e992c86e0b0e
0x7607dc334700b320f7a208bf70a34eac4860684d
0x04e7ce5416efdb553df991d5224cf5c623e87118
0x46d340334010a89145f3d300bae0fd9cde3c0004
0xf6911f9d31855a8af52b56e2d8976eb193964b3f
0x845b801039ed7be43e7b7a620316399b7063f32f
0xdae1cbecdd989c444db37faabdb26d8f85bff964
0x90283a6f7cec3347c572367a067e6a3a20b41852
0x145947f7472196eaf74b1c7ad8855359738d79f7
0x53eda1d99728b1d977894922d85d4e44e6ab2b45
0x50ffcb309d0203e7489f50ff439b912709bb6b70
0xba70b6bc69c0d5677c04b82983ea57e6bedce99c
0x7b18184aef51c782fecfc5e3838c8002246dd02c
0xe5b951f88f909cdc6b4047c3b7f43c3c19413200
0xa15b2e04c9ef4ab97e21844b4ada094c87124148
0xe96f08c660a550f5ed4d589c9bb8e150c793615b
0x16035b6f5efbd680ac5a2b1a7343fce4a48337e5
0xa71176fe94bc4e636a032733f679aba1bfde568c
0xd91cf8221cd656211133efa8c80e314b10f56846
0xff9c564c73420dbd70a16dac4eb30b342ed12f04
0xfab07d5ac20f57ec705d0b2adae1f55be5954532
0xf98ab7d47c2145f337e0c7c6002023b122fcd0a6
0xa5d1beb2a17fdb5d58304d0327ffdf37758850fa
0x9d80e402198a636047409780c85cc5687c530e97
0xe21338c08ecab961b50b663916fbb065605eef87
0x4b04e1d90e5108cd00a1c1a3814518a79bf9c4a5
0x5a74096121b1b0b7b077a4951117997db26567ab
0x3db6cb9c00e2d696241c52efe31f70d7885321a8
0xce9bb25c05fc6114d9f833a202cb206a83abeb17
0x69a26dca5d47481947605a832832fdf22a2c37a0
0x7a42b5cb239132ed47194d5f0d756215b8047103
0x10e77cb2d997e267abcd8db0e612d748d430bcd1
0x05e23502d1a1e1c04ea4c792f12f5cd379fbed24
0xa55192480f5cd612082d53bfb6d0f85203cb9f1f
0xbe861329c43af0542d814c19508a4adfcdc5633c
0xad3d0991a4fa4cf401249bbbd17cb6c0685c3a91
0x5f10d317dd90019c71360e2d9259c17d83928a77
0x3f6614ba8ed0db8d61edd619d15d6bf467fe4f34
0xf0333ed967323c55bc7f696196e3d5e139bfbde1
0x1c270c011b7e105d79ba21953b5afd60db32f6b1
0x4f42aaedb8e8a9355f8312e2bb36c2018aec99d5
0x115f463152ddbdbf31c4752c367fff71debf792a
0x2479a2c4144f8522d880967401fb1242364fc3dd
0x86e89f19b60199715682e878e0c2bf8473435939
0x5ab20354d935b531eb05fdbcd4abdb4f11560706
0x3c2378ea849b3d4ff33cbdbfeb28b48d6ae8fb48
0xb197992ea24be9b5e6f82cb4674f3e06d342884d
0x5ae5b17da6da9e236ff2ef8baba88750802793fd
0x9dc2df7bbe4d3d6dedbf72843603aad86c05a3b7
0x64bd64719b9a25a98410764e95715ddfc57e6804
0x93c64941d6bf392f49ce18ab18452a5a735d11c4
0x471cf6a2a9bb38423e233fb8297d2b00e535ab5d
0x92e755d73fc0dc8e8f0a3d5ada4b47d21baba6c2
0x496867866377a6c307a50a1252170b1c14863d0d
0x44fb9a448f1fba0b1714aec9d06aa3e5041b02a5
0x1a78bf6dfd31159e57b482834a06919f1a14f523
0xa04c86c411320444d4a99d44082e057772e8cf96
0xdb516fbaa8b0a9e3e542fa07ebea3675f51f3d0f
0x05bcdd60d65324ff8b6502cf3634a42e5d400917
0x2563fa7c4c1a6504286d066812e781071b854ee8
0x24e7a47a97724098fa03d9b3feb0a5cadd91fe48
0xe5432ff5518ca0b26d3998773de254393c911d32
0x29206208def8934a4338717aeb7273c2bc0626f9
0x38a37fedba5efbd99a641b399a0c5b89e372f1bf
0x5f9f244042c512cca045dfcde12528fd7fdf3224
0xcc896ff6f0b4c5e652d002e445de8b152cf73933
0xab1b253ff2666c9a0853ddb8030fb76256fdc864
0xdf30adc4ce508619e292d6338e5882dddcda8e58
0x9232e62f576b0a2a684bd760a2f58f836252ecba
0x7071d478523fb9e831f9da9809b8c3ac9e3bcfad
0x101a44afe2e632bbead01a1556a4050c5c7294d3
0x7e7d513144e0793818dd9773007c78ba0569df05
0x96f8fdee7903315e222385506f69fde8cca3637f
0x456652c929c851a5936f56d6fa5731b67fcb0959
0xb24f0c7ebdc40397abf2024f7727725d5c231b9b
0x0b9fa8fc265f55146ded4609f0fd91e38895d89d
0xdbe97a3822ea1f5913d14b5d9993d600f6f58636
0xdcf8980c226b0945dc22e3de041b67ebbf20c9af
0x77d6915ba4dee953094b2e2dbf71d19693d905ca
0xeb3e7a88dd13a1f33d411cf65648c34cf3f87ec4